   0.0000000e+00   6.0000000e+01   4.4100000e+02   5.0000000e+02   4.2600000e+02   4.4000000e+02   4.4100000e+02   5.0000000e+02   4.2600000e+02   5.0000000e+02
   1.0000000e+00   7.5000000e+01   4.2600000e+02   4.4000000e+02   4.0700000e+02   4.2500000e+02   4.2600000e+02   5.0000000e+02   4.0700000e+02   5.0000000e+02
   2.0000000e+00   9.4000000e+01   4.0700000e+02   4.2500000e+02   3.8300000e+02   4.0600000e+02   4.0700000e+02   5.0000000e+02   3.8300000e+02   5.0000000e+02
   3.0000000e+00   1.1800000e+02   3.8300000e+02   4.0600000e+02   3.5300000e+02   3.8200000e+02   3.8300000e+02   5.0000000e+02   3.5300000e+02   5.0000000e+02
   4.0000000e+00   1.4800000e+02   3.5300000e+02   3.8200000e+02   3.1600000e+02   3.5200000e+02   3.5300000e+02   5.0000000e+02   3.1600000e+02   5.0000000e+02
   5.0000000e+00   1.8500000e+02   3.1600000e+02   3.5200000e+02   2.7000000e+02   3.1500000e+02   3.1600000e+02   5.0000000e+02   2.7000000e+02   5.0000000e+02
   6.0000000e+00   2.3100000e+02   2.7000000e+02   3.1500000e+02   2.1200000e+02   2.6900000e+02   2.7000000e+02   5.0000000e+02   2.1200000e+02   5.0000000e+02
   7.0000000e+00   2.8900000e+02   2.1200000e+02   2.6900000e+02   1.4000000e+02   2.1100000e+02   2.1200000e+02   5.0000000e+02   1.4000000e+02   5.0000000e+02
   8.0000000e+00   3.6100000e+02   1.4000000e+02   2.1100000e+02   5.0000000e+01   1.3900000e+02   1.4000000e+02   5.0000000e+02   5.0000000e+01   5.0000000e+02
   9.0000000e+00   4.5100000e+02   5.0000000e+01   1.3900000e+02   1.0000000e+00   4.9000000e+01   5.0000000e+01   5.0000000e+02   1.0000000e+00   5.0000000e+02
   1.0000000e+01   5.0000000e+02   1.0000000e+00   4.9000000e+01   0.0000000e+00   0.0000000e+00   1.0000000e+00   5.0000000e+02   0.0000000e+00   5.0000000e+02
